110
58
12 0
24 0 1
73 0 1
87 0 1
87 0 1 4
34 0 1 4 5
36 5 6
78
47
62 9
57 9 10
55 9 10 11
41 9 10 12
54
57
46 15
60 15 16
51 17
52 17
74
26
47 21
31 21 22
45
46 24
43
39 26
56 26 27
49
64 29
27
50 31
61
26 33
71 33 34
38 33 34
35
23
24 38
28 38 39
74 38 39 40
51
43 42
79 42 43
50
36
32 46
90 47
38
54 49
45
72 51
21
27 53
43 53
26 55
41 55 56
62 56 57
80
12 59
58 59 60
36
63 62
76 62 63
35 63 64
38 63 65
67
67 67
37 67 68
12
61 70
19 70 71
90
40 73
40 73 74
47 74 75
58
37
50 78
34 78 79
21 79 80
26 79 80 81
42
33 83
66
35 85
35 85 86
22 85 86 87
43 86 87
37
32 90
26 91
68 91 92
55
29
72 95
38 96
46 97
52 98
59
37 100
54
54 102
39 102 103
41 102 103
48
56 106
52
30 108
