410
63
64 0
87
46 2
40
27 4
45 4 5
91 4 5 6
61
20
15 9
35 9
76 9 11
74 11 12
44
41 14
23 14 15
28
47 17
33 18
54 18 19
60 18 19 20
43 19 20 21
46
66 23
54 24
54
65 26
35 26 27
57 27
40
38 30
64 30
43 32
54 32 33
48
42 35
47 35 36
61 35 36 37
58
38 39
48 39 40
26 39 40 41
48 39 40 41
34
37 44
69
28 46
39 46
48 46 48
61
43 50
75 50 51
57 50
26 53
49
15 55
12
57
35 58
48 59
19
54 61
46 61
25 63
61
67 65
27
80 67
18
49 69
49
58 71
31
53 73
60 73 74
49
97 76
51 76 77
79
45
81 80
20 80 81
19 81 82
15 81 83
44
38 85
51 85 86
77 86 87
35
47 89
43 89 90
30 89 90 91
37
28 93
26
27 95
45
50 97
29 97 98
11 98 99
39 98 99 100
41
30 102
25 102 103
39 103 104
63 103 104
64
66
22 108
26
30 110
63
84 112
67 112 113
31 114
19
51
49 117
75 117 118
80
76
41 121
32 121 122
53 121 122 123
55 121 123 124
63
55 126
38 126 127
53 126 127 128
47
20 130
29 130 131
42
35
53 134
38 134 135
74 134 135 136
47 134 135 136 137
39
62 139
33 139 140
40
58 142
44
32 144
53
32 146
33 146 147
36 147 148
47 147 148 149
47 147 149 150
57 149 150 151
54 149 150 151 152
31
34 154
52 154 155
63
42 157
28 157 158
96
41 160
44 160 161
55
37 163
31 163 164
49 163 164 165
64 163 164
39
20 168
35 169
41
25 171
42
33 173
42 173 174
62 173 174 175
13
23 177
79 177 178
50
50 180
37 181
54 181 182
33 181
48 184
50 184 185
43
10 187
56
66 189
29 189 190
43
56 192
14
31 194
55
64 196
74
55 198
45 199
66 199 200
68 199
26 199 202
22 202 203
57 202 204
52
27 206
58 206 207
71 206 207
45 207 209
37
23 211
55 211 212
42 212 213
52
37
36 216
52
93 218
15 218 219
63 218 219
43
48 222
32 222 223
68 222 223 224
59
31 226
23 226 227
48 226 227 228
57
82 230
27 230 231
71
33 233
45
21
38 236
55
74 238
18
29
17 241
71 241 242
34 241 242 243
56 241 242 243 244
38
47
46 247
28
50 249
53 249 250
59 249 250 251
48
36 253
34 253 254
52 254 255
44 254 255 256
20
65 258
59 258
13 258 260
72
36 262
85 262 263
51
19 265
83 265 266
42 266 267
12 266 267 268
71 268
24
59 271
27 271 272
44
48 274
68 274 275
57 274 275 276
41
58 278
54 278 279
54 278 279 280
39 278 279 281
66 279 281
60
29 284
56 285
62
25 287
34 287 288
30
57 290
37
23 292
46 292 293
34
22
75 296
55
49 298
30 298 299
84 298 299 300
54
49 302
29 302 303
54 302 303
66 302 303
42
54 307
61 308
84
50 310
69 310 311
14
53 313
37 313 314
28 313 314 315
47 313 315
39
36 318
31
39 320
57 320 321
47 320 321 322
31 320 321
42 320 321 324
49 324 325
59 324 325
48
51 328
45 328
48 328 330
36
73 332
45
56 334
40 334 335
48
39
49 338
45 339
34 339 340
62
24 342
82
82 344
46 344 345
32
53 347
43
55 349
44 349 350
78 350 351
37
88 353
48 353 354
65
59 356
39
30
10 359
66 359 360
67 359
54 359 362
16
45 364
51 364 365
75 364
20
72 368
49
49 370
79 370 371
78 370 371 372
41
28 374
67 375
54 375 376
58 375 376 377
76
52 379
23 379 380
30 379 380 381
17 379 381
37
46
30 385
100 386
67 387
37 387 388
63 388
23
82 391
22 391 392
34 392 393
37 393 394
62 394 395
64
44 397
43 397 398
39 398 399
57
49 401
61 401 402
56 402 403
36
51 405
60 406
39 407
67
