510
87
52 0
51 0 1
60
63 3
57 3 4
53
79 6
69 6 7
13
49 9
54
38 11
19 12
74
38 14
59
38
40 17
71 17 18
45 17 18 19
37
27 21
48 21
30 21 23
69 21 23 24
69
77 26
85 26
55 26 28
58
49 30
39 30 31
15 31 32
51 31 32
44
57 35
53 35 36
23 35 36 37
63
64 39
40 39 40
23 39 40
18
89
28 44
39
50 46
59 46 47
37
39 49
49 49 50
50
20 52
39 53
34 53 54
58 53 55
22
60 57
25 57 58
49 57 58
64 58 60
42 58 60 61
40 61
55 63
56
53 65
26 66
52 66 67
25
44 69
37 69 70
63
45 72
40 72
37 72
23 72 75
51 72 75 76
55
18 78
42 78
45 78 80
29 80 81
41 80 81 82
65 81 82 83
20
47 85
74
26 87
34 87 88
33 88 89
46 89 90
37
78 92
38 92 93
28 92 94
72
49
62 97
43 97 98
67 97 98 99
87 99
48
44 102
29 102 103
37 102 103 104
57 102 103 104 105
27 102 103 104 105 106
65 102 103
51
69 109
37 109 110
23 109 110 111
37
54
63 114
58 114
57
73 117
61
50 119
57 119 120
84 119 120
25 119 120 122
55
24 124
38 124 125
30
48
51
74
46 130
15 130 131
45
32 133
58
28 135
58
40 137
49 138
11
39 140
54 141
55 141 142
76 142 143
63 142 143 144
37
19 146
47 146
47
57 149
17
24 151
42 151 152
35
28 154
68
33 156
39
30 158
83 158 159
66
18
52 162
51 163
70
52 165
75
63 167
67
31 169
52
27 171
57 171
45
49 174
68 174 175
36
30 177
43 177 178
55 177 178
60 178 180
47 178 180 181
30
11 183
59 183 184
36 183 185
20 183 186
58
94 188
42 189
74 190
29 190 191
49
65
29 194
45 195
59 195
45
43 198
15
28
65 201
66 201 202
47
83 204
43 205
66 205 206
21
26 208
32 208 209
23
37 211
65 211 212
41 212 213
70 212 213
83 212 213 215
56
67 217
38 217
46 217 219
65
50 221
58 221 222
44 223
24
26 225
55 225 226
47
15
55 229
37 230
74 230 231
33 230
41 230 233
36
17 235
25
64 237
33
33 239
59
38 241
36 241 242
48 241 242 243
57 241 242 243 244
57
55 246
66 246 247
58 247 248
61
32 250
55
13 252
13 252
33
62 255
40
36 257
24 257 258
51 258 259
49
40 261
55 261 262
27
33 264
30 264 265
59 264 265
41 265
24
16 269
48 269 270
19 269 270 271
75
48 273
15 273 274
42 273 275
43
52 277
54
42 279
50 280
41 280 281
67
33
51 284
47 284 285
62 284 285 286
71
61 288
38 288 289
19 289 290
24
61 292
65 292 293
65 292 293
44 292 293 295
34
38 297
24 297 298
50 297 298 299
41 300
41 301
26 301 302
47 302 303
41
46 305
69 305 306
34 305 306
33 305 306 308
36
17 310
31
50 312
50
31
51 315
47 315 316
17 315 316 317
22 316
50 319
54 320
29 320 321
53
70 323
67
28 325
43 325 326
36 325 326 327
20 325 326 327 328
52
46 330
67 330 331
25 330 331 332
55
23 334
43
54 336
53
59 338
50
69 340
24 340 341
67 340 341 342
71 341 342 343
48 341 344
44
54 346
73 346 347
53 346 347 348
29 346 347 349
56
27 351
47 351 352
33
48 354
28 354 355
24 354 355 356
57
43 358
42 358
36 358
27
45 362
26 362 363
63 362 363 364
56 363 364 365
20
55 367
58
55 369
33
23 371
81 371 372
21 371 372 373
31 371
68 375
26 375 376
50
79 378
33 378
21 378 380
30
52 382
12 382 383
44
42 385
80 385 386
35 385 387
52
47 389
33 389 390
44 389 390 391
43 389 392
45
40 394
32
17 396
38 396 397
53 396 397
69 396 397 399
58
48 401
59 401 402
55 402 403
44
49 405
66 405 406
50
35 408
54
54 410
46 410
16 412
39 412 413
42 412 413 414
23
34 416
47 416 417
35
67 419
53 419 420
43 419 420 421
38
45 423
53 423 424
67
38 426
19 426 427
92 426 427 428
65 426 428 429
43
37 431
42 431 432
66 431 432 433
53 431 433 434
72
75
25 437
72 437 438
56 437 438 439
29 437 439 440
23
46 442
70 442 443
38
28 445
46 445 446
45 445 446 447
57
62 449
23 449 450
73 449 450 451
72
46 453
55 453 454
38 454 455
24 455 456
47
56
26 459
66
38 461
34 462
59
48 464
32
33 466
66 467
46 467
40
46 470
60 470 471
34
80
56 474
33 474 475
69
54 477
39 477 478
38 479
64
65 481
48
53 483
37 483 484
66 484
52
64 487
33
32 489
66
30 491
19 491 492
74 491 493
63
39
57 496
21 496 497
47 496 498
42 499
71
77 501
90 501 502
43 501 503
49
25 505
92 505 506
45 505 506 507
51
