910
66
10 0
35 0 1
55 0 1
32
74 4
57 4 5
15
66 7
14 7 8
41 8 9
60 9 10
22 10 11
19
41 13
59 13 14
38 13 14 15
40 13 15
22 13
58
46 19
19 19 20
47
39 22
13 22
61 22 24
58
42 26
51 26 27
45
12 29
78 29 30
44 29 30 31
61 29 30 32
24
28 34
36 34 35
66 34 35 36
67 34 36 37
53 36 37 38
37
55 40
16
64 42
32 42 43
64 42 43 44
51
43 46
60 46 47
55 46 47 48
60
55 50
17 51
53
48 53
53 53 54
52
34 56
60 56 57
61 56 57 58
28
45 60
57 60 61
24
40 63
45 64
25 64 65
50
30 67
50 67 68
36 67 68 69
64
42 71
23 72
40 72 73
52 73 74
22
27 76
69
53 78
49 79
66
66
56 82
46 82 83
47 82 83 84
47
60 86
41
76 88
35 88 89
53
12 91
55
43 93
57 93 94
42
24 96
47 97
22 97 98
45 97 98 99
30 97 99
20
47
21 103
27
40 105
57 105 106
35
48 108
69 108 109
88
51
45 112
32 112 113
95 112 113
79 112
54
52 117
30 117 118
29
41 120
72
52 122
75 122 123
50 122 123 124
46 123 124 125
46 125 126
24 126 127
44
32
34 130
82 130 131
50
66 133
73 133 134
64 133 135
49 133
68 133
49 138
40 138 139
24
60 141
32 141 142
65 141 142 143
42 143 144
57 143 144 145
31
42 147
15 148
49 148
78
45 151
17 151 152
35
24 154
45 154 155
40 154 155 156
73
46 158
19 158
40 160
35 160 161
24
33 163
40 163 164
92 163 164 165
94 163 164 165 166
32 163 164 166
68
39 169
74
71 171
57
14 173
100 173 174
67 173 174
32 173 176
50 176
24 178
94
38 180
33 180
45
26 183
39 183 184
17
36 186
53 186 187
20 187 188
64 187 189
37
78
78 192
47 193
18
57 195
47 195 196
58
52 198
63 198 199
50
20 201
56 202
55
40 204
39
31 206
48
28 208
55 208 209
40 208 209
11
59 212
75 212 213
53 213
55
46 216
42
21 218
67 218 219
27 218 219 220
18
50 222
75 222 223
37 222 223 224
55 222 223 224 225
17 223 224 225
38
75 228
58 228 229
53 228 229 230
44
45 232
52 232 233
57 232 233 234
50
72
39 237
44 237 238
72
78 240
38 240 241
24
35 243
38 243 244
78 243 244
27
76 247
27
37 249
70
62 251
47 251 252
35
58 254
62
67 256
36 256 257
41 257 258
91 258 259
30 258 260
48
63 262
16
61 264
36 265
61 265 266
35 266 267
52
28 269
49
36
22 272
27
71 274
37
79 276
37
20 278
46 278 279
41
49 281
43 281 282
31 281 282 283
69 282 283 284
40
55 286
10 286 287
52 286 287 288
12 286 287 288 289
38 286 287 288 289
55 289 291
25
57 293
14 293 294
43
37 296
64 296 297
72 297 298
64
67 300
70 300 301
51 300 301 302
23 301 302
45
67
15 306
41 306 307
59 307 308
52 307 308 309
74
18 311
45 311 312
70
59 314
47 314 315
44
37 317
65 317 318
49 318
18 318
22
51 322
39 322 323
40
69
35
53
68
22 329
50
67 331
62
49 333
46 333 334
63 334
58 336
12 336 337
53
31 339
74 339 340
41 339 340 341
45 339 342
54 339 343
50
54 345
22 345 346
56 345 346 347
83 345 348
18
18 350
62 350
16 350 352
74 352
12
34 355
67 355 356
29 355 356 357
21
23
16 360
35 360
38
42 363
35
32 365
22 365 366
57
37 368
30
86 370
49 370 371
64 370 371 372
55
55 374
11
71
29
14
30
10 380
18 380 381
50 380 381 382
51
11 384
58 384 385
35
48 387
52 387
46 387 389
14 387 389
38
66 392
55 392 393
69
44 395
31 395 396
38 396 397
17
36
65 400
32 400 401
84 401 402
63 403
37
47
42 406
27
19 408
55 408 409
46 410
62 410 411
34
50 413
44 413 414
79 413 414
42 413 414
25 417
49 418
45
33 420
38
68 422
23 422 423
41
48 425
50
44 427
41 427 428
66
11
51 431
59 431 432
52
18 434
42 434 435
48 434 436
46 437
22
37 439
25 439
32 439 441
45 441
78
83 444
21 444 445
30 445 446
39 445 446 447
53
65 449
66 449
52 449 451
13
43
55 454
70 454 455
51
34 457
37 457
59
50 460
43
22 462
40
46 464
25 464 465
66 464 466
17 466 467
73
18 469
65 469 470
74
45 472
15
42 474
34 475
29 475 476
38 476
38 476 478
57 476 478 479
24
43 481
26 481 482
43
48 484
58 484 485
28 484 486
58
19
44 489
29
29 491
21 492
48 493
62 493 494
36 495
59 495 496
45
51
28 499
43
49 501
60 501 502
58 501 502 503
59
70 505
37 505
87
54 508
49 508 509
30
81 511
28 511 512
76 511 512
32 511 512 514
45
58 516
40
39 518
36 518 519
51 518 519 520
26 520 521
53 520 521 522
51 521
75 521 524
36
28 526
32 526 527
19 526 527 528
45 527 529
89 529
38
64 532
65
56 534
48 534 535
62
43 537
50 537 538
76 537 538 539
55
36
62 542
56 542 543
40 542 544
50 542 544
47
59 547
45 547 548
64 547
70
28 551
41
42 553
26 553 554
64 553 555
42 553 555
31
35 558
52
84 560
49 560 561
79 560 561 562
24 560 561 562
39 560 561 562 564
12 562 564 565
29
39 567
58 567 568
47
39
45 571
29 571 572
61
13 574
35 575
38
47 577
50 577 578
59 577 578 579
43
88 581
57 581 582
42 581
45
27 585
20 585 586
32
53 588
30
54
42 591
49 591 592
87
32 594
68
92 596
18
32 598
62
70
28 601
20 601 602
76 601 602 603
85
37 605
50 605 606
34 605 606 607
35 605 606
33
29 610
56 610
47
67 613
29 613
57 615
49
65 617
27
39 619
95 619 620
47 619 620 621
38
18 623
58
54 625
39 625 626
58 625 626 627
45 627
41
36 630
65 630 631
33 630 631
42 630 631 633
45
64
43 636
36 636 637
40 636 638
26
34 640
56 640 641
44
46 643
55 643 644
52 643 644
35 643 644 646
33
45 648
43
54 650
63 650 651
40
18 653
57 653 654
44 653 655
43
28 657
64 657 658
45
28 660
49
22 662
61 662 663
16 662 663 664
35 662 664 665
40 665
47
41 668
38 668 669
28 669 670
41
57 672
30
75 674
32
42 676
66
84 678
86
56
48 681
62
63 683
22
20 685
46 685 686
34 685 686 687
12
37 689
42 689 690
81 689 690
14 689 692
32 689 692
62
65 695
26 695 696
92 695 696 697
48 695 696 697
58 695 696 697 699
47
71 701
67 701 702
42
33
39
53
60 707
29 707 708
57 707 708
21
60 711
45 711 712
57 712 713
63
49
55 716
53 716 717
17
28 719
26 719 720
69
29 722
74 722 723
29 723 724
32 723 724 725
38 724 725
80 724
33
74 729
59 729 730
27
16 732
64
45 734
16 735
65 735 736
37
81 738
46 738 739
72
34 741
50
26 743
34 744
46
45 746
64 746 747
58 746 747 748
59 746 747 749
26 746 747 749 750
59 747 751
77
68 753
16 753 754
29 753 754 755
65 754 756
40
68 758
43 758 759
58 758 760
57 758 760 761
43 758 760 762
35
30
54 765
30 765 766
16 765
29 765 768
62
81 770
45 771
23 771 772
24 771 772 773
44
34 775
23 776
16 776 777
26 776 777
70
60 780
69 781
53 781 782
63
25 784
21
49 786
20 786
12
69 789
22 789 790
55 789
39
54 793
50
35 795
63
76 797
33 797 798
31
27 800
71 800 801
50 800 801
46
45 804
34 804 805
68 804 805 806
40
59 808
32
17 810
55 810 811
50 810 811 812
59 811 812 813
43
44
37 816
39
47 818
42 818 819
74
44 821
38 821 822
32
41
54 825
45 825 826
31 825 826 827
10 825
69
38 830
45 830
45 832
90
51 834
50 834 835
25 834 835 836
20
51 838
63 838 839
18
55 841
30
70
33 844
40 844 845
44 844 845 846
14
20
41 849
70
58
44 852
40
73 854
43
40 856
47 856 857
39 857 858
44 857 858 859
30 857 858 859
19
70 862
47 862 863
50 862 863 864
30 863
31
30 867
56
50 869
36 869
10 869 871
44 869 871 872
78 873
50
32 875
35 876
89
33 878
27 878 879
22 878 879 880
33 878 879 880 881
37
76 883
54 883 884
34
40 886
51 886 887
24 886 887 888
58
13 890
30 890 891
34 890 891 892
65 890 891 892 893
24
42 895
17
11 897
29 897 898
66 897 898 899
51
70 901
33 901 902
43
61 904
42
70
52 907
34 907 908
