410
82
54 0
14 0
18 0 2
31
40 4
89 4 5
65
23 7
42 7 8
27 8 9
54
56 11
55 11
39 11 13
50
61 15
63 15 16
29 15 16 17
88
39 19
29
44 21
40 21 22
65
34
40 25
26 25 26
57 25 27
73
15
23
38 31
32 31 32
24 31 32 33
27
70 35
26
36
55 38
46 38 39
45
56 41
28
18 43
36 43 44
71
70 46
13 46
60 46 48
59 48 49
55 48 50
65
56 52
58 53
62 53
63
55
48 57
31 57
21
78 60
53 61
42 61
71 63
69 63 64
28 63 64 65
58
24 67
42 67 68
37
52
42 71
68 71 72
29 71 72
52 72 74
34
67
63 77
68 77 78
23 77 78 79
29
74
38 82
17 82 83
69 83
38 85
66
47 87
49 87 88
40
34 90
67 90 91
67
16 93
50
56 95
44
46 97
31 97
42
17
45
47 102
34 102 103
55 102 103 104
56
46 106
49 106 107
50 106 107 108
32
91 110
64 110 111
15 110 111 112
49
29 114
13
19 116
66 116 117
48
31 119
45
47 121
42 121 122
46 121 122
22 122 124
77
43 126
47 127
72
41 129
68 130
25
67 132
31 132 133
60 132 133
40
22 136
36
69 138
12 139
37 140
60
40 142
35 142 143
23 143 144
27 145
39
50 147
32 147
59 147 149
39 147 149 150
13
43
36 153
17 153 154
64 153
29
42 157
29 157 158
23
23 160
38
69 162
35 162 163
38
19 165
55 165
25 165 167
13
44 169
52 169 170
46 169 171
75 171 172
59 173
42
68 175
44 175 176
25 175 176 177
40
33
80 180
55
21 182
56 182
24 182 184
86 184 185
64
48 187
66
17 189
25 189 190
55
35
23 193
49 193 194
24
91 196
46 196 197
24 196 197 198
38 196 197 198 199
36
62
56 202
35 202 203
63 202 204
70 202 204 205
54
38 207
41 207 208
42
49 210
61
48 212
51 212
42 212 214
43
84 216
51
18 218
70
53 220
89
40 222
53 222 223
55 222 223 224
62
35 226
48 227
27 228
41 228 229
63
52 231
29 231 232
17
42
80 235
50 235 236
69 235 236 237
28 235 237 238
69 238 239
19
28 241
46 241
77
26 244
22 244 245
89
58 247
38 247 248
61
43 250
62 250 251
34 250 252
38
72 254
34
65 256
68 256 257
56 256 258
14 256 259
34 256 260
26
47 262
41 262 263
81 262 263
54 262 265
48 262 265 266
78
32 268
29 268 269
42 268 269 270
37
38 272
26 272 273
10 273 274
36
46 276
24 276 277
73 276 277 278
44 276 278 279
72 279 280
52 279 280
32
54 283
37 283 284
69 283 284 285
10
50 287
96 287
40 287 289
24
40 291
58 291 292
47 291 292 293
41
45 295
39 295 296
45
39 298
26
46 300
32 300
34 302
40
15 304
30
39 306
71 307
66
35
55 310
81 310 311
87 311 312
29
43
49 315
81 315
60
56 318
42 318 319
44 318 319
49
43
57
43 324
28 324 325
47 325 326
60
59 328
57
64 330
31 330 331
37
38 333
62 333
37
46 336
32 336 337
41
32 339
53 339 340
37 339 340 341
27 342
78 342
62
67 345
40 345 346
51
28 348
70 348 349
63
11 351
47
37 353
41
11 355
44 355
54 355
36
32
52 360
16
80 362
19
67 364
67
18 366
57 366 367
62
45 369
55 369
59
29 372
32 372 373
55
33 375
70 375
33
39 378
39 379
31
38 381
35 381 382
33
30 384
44 384 385
24 384 385 386
46 384 385 386 387
64
40 389
62 389
61
61
61 393
41 393 394
51 394
24 394 396
42 394 396 397
48 394 396 397 398
48
49 400
40
70 402
41 402 403
45 402 404
52 402 405
45
55 407
35 407 408
