110
33
82 0
65
68
35 3
75 3 4
61 3 4 5
53
46 7
23 7 8
51 7 8 9
36 9 10
28
55 12
35
26 14
55 15
23 15 16
36 15 17
37 17 18
41
56 20
35 20 21
19
34 23
47 23 24
31 23 24
54 23 24
44 23 27
56
44 29
10
43 31
61 31 32
23
56 34
37 34 35
81
17 37
17 37
47
39 40
54 40 41
54 42
37 43
24
54 45
34 45
25 45 47
35 45 48
89
58
53 51
27 51 52
25 51 52 53
45
44 55
33
12
33
28 59
27 59 60
60 60
59 60 62
44 60 62 63
68
74 65
55 65
41 65 67
64
93 69
47 69 70
11 69 70
20 69 70 72
67
36 74
60 74 75
61 74 75
44 75 77
52
35 79
50 79 80
55 79 80 81
85
21 83
48
59 85
30 85 86
37 87
40 88
21
56 90
45 90
63 90 92
35 93
12
40 95
31 96
62 96 97
23 96 98
67
69 100
32 100 101
31
19 103
38 103 104
43 104
39
23 107
28 107 108
