910
93
34 0
48 0
16 0 2
42
53 4
44 4 5
22
32
75
41 9
48
28 11
37 11 12
56
51 14
48 14
14 14
27 14 17
37 18
85 18 19
13
37 21
55 21 22
51 21 22 23
50 23
57 23 25
39 25 26
67
36
10
39 30
66 30 31
50
41
14
44 35
69
26 37
53
75 39
29 39 40
39 39 40
55 39 40 42
28
25
13
65 46
35 47
28 47 48
29 47
87
37
59 52
39 52 53
46
54 55
33 56
62 56 57
57
59 59
60 59 60
39
63 62
21 62
24
29 65
67 65
43 67
57
52 69
27 69 70
50 69 70 71
14 69 70 71 72
44 69 71 73
72 73 74
48 73 75
51
39 77
41 78
43 78 79
35 78 79 80
30 79 80 81
47 79 80
12
68 84
50 84 85
56 84 86
56 86 87
23
54 89
19 89 90
34
28 92
59 92 93
52
42
53 96
70 96 97
64 97 98
51
61 100
54 100 101
81 100 101
36 100
43
41 105
63 105 106
10
26 108
36 108 109
25
36 111
45 111 112
45 112 113
38 114
61 114 115
16 114 115
46
37 118
45 118
63
47
57 122
50 122 123
27 122 123
45 122 123 125
38 122 126
60
29 128
28 128 129
45 128 129 130
55
35 132
36 132 133
33 132 133 134
33 132 133 134 135
26 132 133 135 136
31
47 138
53
61 140
77 141
55 141
47 143
39
60 145
49 145 146
34
70 148
70 148 149
46 148 149
54 148
27 148 152
80
33 154
18 155
71
86 157
86 157 158
72 157
62 160
63 160 161
47 160 161 162
45
59 164
71
45
31 167
22 167
30
61 170
47 170 171
38 170 171 172
72
40 174
67 174 175
23 176
90 176
59 176 178
55
31 180
54 180 181
11 182
46 183
45 183 184
27
44 186
10 186 187
65 186 187 188
39 186 187 189
33
44 191
33
81 193
70
62 195
68 196
25 197
46
47 199
43 199 200
55 199 200
26 199 202
66 202 203
45 203 204
53 203 204 205
40
29 207
15 207 208
35 208 209
45
25
14 212
18 213
50
31 215
30
27 217
51
31 219
16 219 220
39
56 222
41
57 224
41 224 225
12 224 225 226
31
17 228
69
54
54 231
53 231 232
45 231 233
56 231
50 235
24
94
33 238
31 238 239
33
54 241
29
30 243
75 243 244
47 243 245
60 243
48
37
52 249
41 249 250
51 249 250
37 249 250 252
44
60 254
52 254 255
52 254 255
39
58 258
64
51 260
57 260 261
51 260 261 262
49
61 264
38 264 265
31
66 267
48 267
35 267 269
32
62 271
39
67 273
51 273 274
42 274 275
27 274 275 276
13
41
40 279
64 279 280
51 281
49
43 283
56
50 285
51 285 286
26
14 288
59 288 289
30 288 289 290
30 289 290 291
50
56 293
64 293
46
42
44 297
91 297 298
71
61 300
47 300 301
89 300 302
55
50 304
56 304 305
19 304 305 306
76
48 308
29 308 309
33 308 310
40
69 312
36 312
59
45 315
58 315 316
36
31 318
31 318 319
57 318 319 320
60
47 322
55 322 323
71
69 325
81
36 327
25 327
25 327 329
35
32 331
63 331 332
50
36 334
36 334 335
47 334 335
55
41 338
59
31 340
22 340 341
53
62 343
33 343 344
34 343 344
29 343 344 346
57
14 348
75 349
49 349 350
51
37 352
55
29 354
30 354 355
35 354 355 356
24
59 358
33
39
55
24 362
50
40 364
36 364 365
56 364 365 366
60 364 365 367
50 365 368
42 368
61
21 371
95
67 373
61 373 374
23 373 374 375
25 373
83
73 378
40 379
52 379 380
57
51 382
58 383
34 383 384
68 383 385
53
60 387
32 387 388
51 387 388 389
24 390
44 390 391
38
31 393
23
39 395
49 395 396
46 395 396 397
21
38 399
47 399 400
68 399 400 401
65
47 403
44 403 404
44 403 405
71 405
37 405 407
49 407
55 407 409
31
82 411
88 411 412
43
52 414
34 414 415
45 414 415
49 415 417
64 415 418
52
39 420
64
49 422
56
55 424
63 424 425
44 424 425 426
86 424 425 426 427
36 424 425 426 428
69
32 430
14 430 431
70 431 432
52 431 433
50 431 433 434
37
15 436
49
51
13 439
45 439 440
46
35 442
33 442 443
66 442 443 444
89
34 446
75 446 447
30 447 448
54 448 449
58 450
67
17
74 453
42 453 454
48 453 454 455
52 454 456
48 454 457
46 454 457 458
32 454 457 458 459
38
34 461
42 462
84
56 464
38 464 465
49
28 467
26 467 468
53 467 468 469
44
54
50 472
31 472 473
49 472 473 474
54
60 476
44 476 477
72 476 477 478
86
50 480
61
46 482
58
29 484
59
50 486
11 486
50 486
35 486 489
62
47 491
50 491 492
39 491 492 493
69 491
11
68 496
47 496 497
10 496 497
39 496 497
24
31 501
62 501
37 501
28
79 505
15 505 506
44 505 506 507
38
39 509
52 509 510
25
54
42 513
67 513 514
52
40
39 517
45 517 518
44 517 519
23
41 521
48 522
54 522 523
42
88 525
53 525 526
46 525 526 527
52
41 529
36
45 531
35 531 532
53 531 532
22
11 535
32 535 536
63 535 537
61 535 537 538
25
13 540
53
55 542
31
38
44 545
34 545 546
48 545 546 547
56
37 549
16 549 550
63 550 551
66 551 552
48 552 553
51
47 555
32 555 556
34
56 558
69
34 560
35
41 562
48 562 563
38 564
67
52
24 567
36 567 568
32 567 568
73
33 571
29 571 572
43 572 573
41
71 575
39 575 576
73
26 578
56 578 579
44 578 579
15 578 581
33
55 583
60
27 585
16
50
89 588
20 588 589
39 588
33
78 592
62
45 594
64 594 595
48 594 595
50 595 597
84
40 599
50 599 600
31
52
24
38 604
17 604 605
57
60 607
23 607 608
90
77 610
47
57 612
26 612
26 614
35
22 616
43 616 617
25
67 619
42
49 621
29 621 622
13
41 624
65 624
39 624 626
29 624 627
34 624 628
60 628 629
82
28 631
57 631 632
38
31
63 635
48 635 636
61 635 637
55 635 637 638
59
77 640
65 640 641
67
26
13 644
81 644 645
49 645 646
41
38 648
71
62 650
38 651
30
80
70 654
45 654
71 654 656
60
57 658
59 658
26 658
53
38 662
43
44 664
54 664
97
52 667
16 667 668
21 667 669
39 667 669
30
17 672
38 672 673
68
46 675
50 675 676
70 675 676
58 675 678
28
48 680
67 680 681
46
57 683
73 683 684
82 683
63
33 687
46 687 688
55
32 690
55
60
63 693
39 693 694
40 693 694 695
54
29 697
50 697 698
40 698 699
88
94 701
30 701 702
47
42 704
19 704
46
52 707
65 707 708
39 707 708 709
55
57 711
57
25 713
72 713
31 713 715
56
29 717
75 718
28 718
65
37
55 722
23 722 723
33 722 723
92
30 726
63
59 728
71 728 729
41
66 731
47 731 732
22 731 732 733
62 731 732 734
54 731 732 734
34
52 737
55
74 739
39
48 741
56 741 742
78 743
22 743 744
71
54 746
57 746
60 748
51
54 750
46 750 751
54 752
46 752 753
42
14 755
32
46 757
54
23 759
62
16 761
10 762
72 762 763
47 762 763 764
47
65 766
61
65
72 769
71
41 771
76 771 772
27 771 772 773
44
26 775
22 775 776
20 775 776 777
25 775 777 778
46
52
51 781
58 781 782
42 781 782 783
19 781 782 783 784
75
40 786
65 786 787
68 786 788
50 788 789
27
55 791
79 791
62
30 794
41 794
11
61 797
59 797 798
35
37
48 801
33 801 802
98 801 802 803
28 803 804
71
21 806
30 806 807
31
44 809
39 810
57 810 811
60
27 813
40 813 814
48 813 814
49 813 814 816
39 814 817
19
65 819
74 819 820
60
59 822
14 822 823
15 822 823 824
14 822 823 825
63
75 827
39 827
53
56 830
49 830 831
24 830 831 832
39
36 834
39
67 836
45 836 837
63
24 839
12 839 840
52 839
64 839 842
38
75 844
25 844 845
73
83 847
89 847
67
38
40
33 852
47
24 854
63 854 855
29 854 855 856
27 854 855 857
56 857 858
85
45 860
46 861
40
74 863
40
10 865
56 865 866
12 866 867
81 866
54
44 870
44 871
67
33 873
66 873 874
38 873 874 875
36
42 877
86
63 879
73
26 881
65 882
45 882 883
37
46 885
15 886
24 887
61
46 889
62 889 890
47 889 890 891
37 889 891 892
44
61 894
49 894 895
23
37 897
21 897 898
60 897 898 899
84
52 901
54 901 902
55
38 904
44 904 905
38 904 905
44
91 908
