510
50
66
68
19 2
47
55 4
25
43
55 7
62 7 8
75 7 9
69 7 9 10
41
61 12
81 12 13
17 12 13 14
45
50
51 17
78
43
50 20
65 20
60 20 22
52
23 24
53 24 25
63 24 25
52 24 25
35
34 29
61
47 31
49
44
22
31 35
50
44 37
73 37 38
46 37 38
32 38 40
20 38 40 41
32
45 43
19 43 44
22 43 44
43 44
32 47
31 47 48
59 48 49
31 48 49 50
79
11 52
72 52 53
34
40 55
45 55 56
56 55 56 57
63
48 59
30 59 60
22
56 62
30
46 64
84
14
23 67
14 67 68
49 67
25
35 71
47 71 72
31 71 72 73
39 71 72 73 74
73 72 73 74 75
37
23 77
37 77 78
14
33 80
21 80 81
35 82
52
63 84
11 84 85
42 84 85
31 84 85
14 84 85 88
64 84 88 89
52 88 90
55
34 92
55 92 93
64
54
32 96
31 96
41
30 99
40 100
30 100 101
29 101 102
70
60 104
43 104 105
30 104
90 104
33 104 108
79 104 108 109
37 108 110
42
73 112
51
19
51 115
66 115 116
43 116 117
51
14 119
43 119 120
48 119 120 121
48 119 120
43
32 124
45
31 126
66 126 127
32
42 129
49 129 130
51
47 132
66 132
46
30
72 136
34 136 137
36 136 137 138
39 137 138 139
12
60 141
86 141 142
56
31
44 145
76 145 146
22 145 146 147
12 145 146 147 148
62
47 150
69 150 151
62 150 151 152
57
47 154
61 154 155
65 154 155 156
63 156 157
61
55 159
22 159
47
48 162
25
33 164
22 164 165
21
37 167
49
62 169
40 169 170
23 169 171
58
60
43
24 175
31 175
59
40 178
52 179
72
36 181
57 181 182
35 181 182 183
51 181 183 184
65
62 186
52 186 187
43 186 187 188
82 186 187 189
79
41 191
45 191 192
65
45 194
18 194 195
46 194 195 196
54 194 195 196 197
22 198
75
93 200
61 201
81 202
74 202 203
38 202 204
59
60 206
74 206 207
50 206 207 208
77
13 210
28 210 211
90 210 211 212
24 213
69 213
36
61 216
56 216 217
47 216 217 218
59 216 218
66
50
40 222
40 223
52
24
45 226
43 226 227
39 226 227 228
35
39 230
28 230 231
65 230 231
63 230 231
43 231 234
64
22 236
40 236 237
30 236 237
35 236 237 239
37
36 241
70 241 242
39 241 242 243
70 244
87 245
80 245 246
23
39 248
57 248 249
49
60 251
14 251 252
36 251 252 253
19
30 255
50 255 256
23 255 256 257
47
83 259
39 260
52 260 261
41 260 261 262
32
33 264
22 264 265
44 265 266
52 265 267
38
15 269
59 269 270
25 269 270 271
51 269
56 269 273
54 269 273 274
46 273 274 275
45
96 277
54 277 278
65
58 280
42 280 281
13 280 281 282
39 280 283
24 283 284
68
41 286
43
49
72 289
70 289 290
27
25 292
49 292 293
58 292 293 294
54 292
26 296
42 296
43 296 298
44
39 300
55 300 301
20
54 303
27 303 304
49 304 305
71 304 306
22
20 308
11 309
27 309 310
50 309 310 311
80
84 313
66 313 314
70 313 315
40 313 315 316
73 313 317
43 317 318
18
58 320
40 320 321
78
80
55 324
47 324 325
62 326
40
30 328
44 328 329
62
34 331
13 332
20 332 333
32 334
46
26 336
48 336 337
60
47
21 340
11 340 341
16 340 341 342
34
64 344
71 344 345
47 344 345 346
64
35 348
57 348 349
52 348 349 350
93
75
80 353
78 353
30
72 356
26 356 357
75 356 358
62 356 358
45 356 360
20
27 362
26 362 363
21 362 363
45 362 363 365
51
47 367
15 367 368
54 367 369
44 367 370
58
22 372
15 372 373
57 373 374
40 373 374 375
53
36 377
36 377 378
51
48 380
39
56 382
59 382
39 384
62
27 386
77 386 387
26 386 388
35
72 390
54 390 391
50 390 392
61
33 394
51 394 395
54 396
49
56 398
39
16 400
62 400 401
66 400 401 402
45 400 402
82 400 402
66
69 406
59 406 407
60 406 407
47
15 410
39 410 411
58 410 412
27
56 414
33 414 415
40 414 416
60
34 418
56
27 420
54 420
57 420 422
41
65 424
49 424
65
26
16 428
51
21 430
23
50 432
63
81 434
50 434 435
45 434 435
77
42
24
40 440
26 440 441
69 440 441 442
39 440 441 443
71 443 444
63 443 444 445
83
24 447
48 447 448
27
10
78 451
29
51
52 454
51
37 456
56 456 457
36 456 457 458
60 458 459
31 458 459 460
51
29
60
39 464
63 464 465
61
51 467
20 467 468
44 467 468 469
91 467 468
95 467 471
37
41 473
16 473
56
58 476
36
19 478
26 478 479
43 478 479 480
39 478 479 480 481
47 478 480 481 482
64 481 483
46 484
52 484 485
43
18 487
42 487 488
90 487 488 489
66 488
66 491
43 491 492
24
16 494
43 494 495
45
46 497
29 497
28 497 499
20 497
59
25 502
77 502 503
72 502 503 504
54
66 506
69 506 507
48
