610
60
39 0
40 0 1
48 0 1 2
53
37 4
21
29
55 7
68 7 8
58 7 8 9
40 7 9 10
29
64 12
47 13
49 13 14
60 13 14 15
47 14
42
60 18
51 19
26
65 21
28 21 22
52 21 22 23
57 21 22 24
50
62 26
89 26 27
44
31 29
44
33
82
36 33
74 33 34
85 33 34 35
67 34 36
15 34 36 37
58
31 39
76
75 41
36 41 42
66 41 42
32
76 45
30 45 46
39 46 47
27
55 49
55 49 50
50
20 52
38 52 53
34 53
33 53 55
34 53 55 56
46 55
40
54 59
52 60
29 60 61
99
29 63
29 64
60 64 65
68 65
51 65 67
36
73 69
57
60 71
58
57 73
71 73 74
29 73 74 75
26
44 77
21 77 78
43
54 80
42
54 82
23 82 83
23
17 85
33 85 86
63
42
53 89
29 89 90
34 89 90 91
54 90 91 92
45
56 94
36
61
49 97
73 98
42
34 100
44 100 101
75
72 103
46 103 104
65 103 104 105
73
53 107
62
46 109
30 109 110
69 111
22 111 112
68
39 114
64 114
46
50 117
52 117 118
49 117 118 119
43 118 119 120
28
72 122
20 122 123
63
62 125
27 125 126
78 125 126
51 125 126 128
30 129
13
50 131
32 131 132
56 132 133
43
49 135
56
57 137
12 137 138
53
74 140
58
52 142
50
27 144
51 144 145
50 144 145 146
35
31 148
32
62
62 151
56 152
61 152 153
28 152 153
32
34 156
37 156 157
48 156 157 158
29 156 158
41 158 160
76 158 160
42 158 162
56
58 164
66 164 165
15 165 166
67
50 168
71 168 169
41 168 169 170
30
75 172
26 172 173
41 172 173
12 175
38 176
60 176 177
42
74 179
43 179 180
57 179 180 181
32
59 183
40
69 185
40 185 186
23
55 188
92 188 189
26 188 189
16
54 192
41
30 194
45 194 195
17 195 196
87
55 198
42 198
40
49 201
27
14 203
37
21 205
60 205 206
53 205 206 207
73
29 209
59
41 211
38 211 212
37
66
66 215
26 215 216
69 215
51 215 218
45
47
12 221
54 221 222
47 221 223
21
20 225
31 225 226
67 225 226 227
57 226 227
32 227 229
54
43 231
47 231 232
32
10 234
62
34
68
61 238
62 238 239
39
46 241
74
22 243
49 243 244
67
30 246
27
17 248
39 249
58 250
41
17 252
88 252
37 254
54 254 255
63
69 257
74 257 258
59
34 260
46 261
22
57 263
26 264
47 264 265
82 264 265 266
48 264 265 266 267
60
17 269
26 269 270
46 269 271
95 271
49
47 274
50
56
41 277
37 277 278
51 277 279
35 277
81
51
58 283
60
42 285
77 285 286
62 285 287
33
26 289
43
16 291
43 291
36 293
43
43 295
40 295 296
50
61 298
73
11 300
34
43 302
61 302 303
46 302 303
61 303 305
28
47 307
30 307 308
53
53 310
28 310 311
44
18 313
48 313 314
25
35 316
72 316 317
74 317 318
66
42 320
32 320 321
85 320 322
53 323
56 324
53
63 326
67 326 327
25 326 327 328
50 327 328 329
18 327 329
18
32 332
35 332 333
39 332 333 334
40
47 336
31
29 338
56
38
75
36 342
82
16 344
36 344 345
46
39 347
41
44 349
28 349 350
48 349 350 351
42 350 352
41
32 354
40 354 355
45 355 356
48 355 356 357
67
50 359
52
39 361
24 361 362
44 361 362 363
60 361 364
40
90 366
25
51 368
19
11
87 371
27
52 373
63 374
56 374 375
33
49 377
56
19 379
62 379 380
45 380 381
49 380 382
24
62 384
44 384 385
54 384 385 386
59 384 386
19
34
10 390
25 390 391
20
44 393
24 393 394
20 394
44 394 396
55
54 398
51
29 400
45 400 401
28 400 401 402
34 400 403
64 400 404
45
10 406
48 406 407
45 407 408
14
35 410
63 410 411
65 410 411
28
48 414
62 414 415
28 414 416
41 416
44 418
81 418 419
65
50 421
66
10
48 424
30 425
30
58
39 428
40 429
37 429 430
46 429 430 431
45 429 430 432
41
40 434
67 434 435
66 434 435 436
47
45 438
49
76 440
18 440
28
52
45 444
86 444 445
28 444 445 446
26
38 448
36 448 449
42
62 451
45 451 452
62
83 454
29 454
32
37 457
56 457 458
62 457 458 459
21
36 461
41
77 463
32 463 464
50
17 466
11 466 467
34
49 469
36 469 470
46
36 472
57
45 474
60 474 475
18 476
42 477
34
37 479
65
43 481
56 481 482
23 481 483
19
53 485
26 486
76 486 487
39
65 489
69 489 490
48 489 491
39 489 492
25 489 493
42
59
76 496
43 496 497
17 497 498
27 497 498 499
32 497 499
46
64 502
52 502 503
45
21
23
33 507
66
30 509
61 509 510
78
56 512
38 512 513
31
61 515
44 515 516
47
20 518
50 518 519
18 518 519 520
98 518 519
23
59 523
40 523
75
62 526
66 526 527
90 526 527 528
25 527 528 529
45 527 529 530
21 527 529 531
41
81
59 534
20 534 535
51 534 535
38
56 538
50
34 540
45 540 541
48 540 541 542
13
55 544
39 545
72 545 546
55 545 546 547
28
43 549
50 549 550
80 549 550 551
67
31 553
30 553 554
39 553 554
18
74 557
66 557 558
45
46 560
54
60 562
51 562 563
61 562 563
41 562 563 565
80
52 567
84 568
47 568 569
36 568 570
50 568 570 571
36 568 571
35
47 574
61 574 575
49 574 576
61 574 576
58
23 579
35 580
83 580 581
69
62 583
53
36 585
45
22 587
61 587 588
37
30 590
67 590 591
42 591 592
44
57 594
62 594 595
49
38 597
39 597 598
31
31 600
28 600 601
57 601 602
65
13 604
24 604 605
52
92 607
44 607
