810
14
41 0
41 0
81
60 3
27 3 4
41 3 5
30 3 5 6
39
24 8
65
69 10
78
30 12
32 12 13
43
57 15
88 15 16
46
59 18
55 18 19
56 18 19
50 18 21
53 18 21 22
36
52 24
51 24 25
69 24 25 26
29
60 28
61 28 29
54
66 31
55
90 33
52 33 34
11
49 36
49 36 37
29 36 37
61 36 37 39
35 36 37 40
13
51 42
26 42 43
29 42 43
50
73 46
33 46
52
13 49
23 49 50
22 49 50 51
11 50 51
35 53
48
67
35 56
35 56
35 56 58
59
46 60
49 60 61
40 60 61 62
63 60 61 62 63
41 60 63 64
45
52 66
46
12 68
25 68 69
17 69 70
40
32 72
48 72
30 72 74
49 75
69 75 76
55
35 78
54
77 80
33 80 81
85
39 83
32
57 85
27 85 86
39 85 86 87
48 85 88
43 89
59
11 91
57
54 93
43 93 94
39 95
52 96
36 97
45
12 99
48
84 101
49 101
61 101
80 101 104
61 101 104
51 104 106
51
45 108
78 108 109
53 108 109 110
34
26 112
31
49 114
64 114 115
55
43 117
63
52 119
55 119 120
19
50 122
24 122 123
55 122 123 124
51
66 126
92 126 127
34 127 128
27 127 128
47 127 128 130
53
70 132
55 132 133
43 133 134
28 135
22
30 137
49 137 138
31
27
11
43 142
41 142
57
20 145
50 145 146
65
27 148
31
37 150
64 150 151
46 150 151 152
38 150 152 153
78 150 152 153 154
33 154
44
55 157
13 157 158
49 157 158 159
23 157 158 159 160
46
51 162
48 162 163
25 162 163 164
31
27 166
21
39 168
93 168 169
84 168 169
50 168 169 171
19
44
25 174
77 174 175
36 175
27 175 177
41
35 179
36 180
59 180
47
52 183
55 183 184
48
31 186
68 186 187
48 186 188
19 188 189
39 189 190
18 189 190 191
43
42
27 194
40 194
67 194 196
36
52 198
28 199
58 199 200
32
54 202
39 202
56 204
47
67
51
65 208
32
45 210
70 210 211
58
40 213
64 213 214
34
53 216
60 216 217
42 216 217 218
32 217 218 219
46 217 218 219 220
37 217 219 220
64 217 222
57
54 224
41 224 225
43 224
42
57 228
51 228 229
48 228 229 230
26 230 231
18 230 231 232
59
21 234
59
49 236
40
35 238
37 238 239
52 238 239 240
53
40 242
23 242 243
48 242 243
34
38 246
52 246 247
28 247 248
50 247 248 249
19
44 251
23
46 253
100 254
57 255
82 255
73
25
23 259
49 259 260
22
87 262
36 263
51 263 264
70 264 265
29 264 266
28
66 268
64 268
34 268
17
28 272
60 272 273
88 272 273 274
39 272 273 274 275
40
45 277
65 277 278
67 277 278 279
32 279 280
30
20 282
45 282
27 282 284
21
34 286
18 286 287
31
68 289
45 289 290
31
31 292
27
60 294
51 294 295
83 294 295 296
43
45 298
30
56 300
57 300 301
56 301 302
12 303
31
45
39 306
19 306 307
41
59 309
30 309
58 309 311
78 309 312
45
22 314
58 314 315
69 315 316
13 315 317
46
51 319
66 319 320
42 319 320
26 319 320 322
24
78 324
61 325
25
84 327
54 327 328
30 327 328
33 327 328 330
67
62 332
71
43
26
44 336
47
69 338
54 338 339
36 338 339 340
40 338 339 340 341
46 339 341 342
37 341 343
64 341
87
23
39 347
28
18 349
27 349 350
29 349 350 351
47 349 350 351 352
32 349 350 351 352
52 351 354
51
33 356
27
48 358
37 358
41 360
60 360 361
19
63 363
58 363 364
23 363 364 365
21
90 367
72
81 369
27
46 371
44 372
29
71 374
55 374
24
40 377
38
33 379
62 379 380
26 379 380 381
30
51 383
33 383 384
26 384 385
57
40 387
29 387 388
49 389
67 389 390
32 389
58
32 393
71
34
42 396
62 396 397
53 396 397 398
69
49
73 401
24 401 402
23
36 404
68 404 405
44
51 407
40 407 408
60
63
43 411
40 412
53
16 414
24 414 415
32
48 417
53
21 419
56
41 421
56 421 422
45 421 422 423
57 421 422 423 424
25 421 422 424 425
41
26 427
35 427 428
46 427 428 429
44
53 431
36
70 433
35 433
10
42 436
47 436 437
34 436 437 438
46
68 440
61 440
21
85 443
75 443 444
44 443 444 445
45 443 444 445 446
36 443 444 445
74 443 448
65
15
69 451
20 451
38 451 453
53 451 453 454
37 453
53 453
43
36 458
37 458 459
17 458 459 460
33 458 459
30
44 463
54 463 464
56 463 464 465
82
24 467
24
44 469
56 469 470
42 469 470 471
66
32 473
36
54 475
43 475 476
65
46 478
20
15 480
50 480
28 480 482
57 480 483
36 480 483
38
24 486
63
43 488
99 488 489
35 488 489 490
14
21
49
36 494
63
83 496
50 496 497
63 496 497 498
66 496 497 498 499
13
60
17 502
50
73 504
81 504 505
41
37 507
37 508
56 508 509
51 510
26
10
74 513
51 513 514
67 513 515
83 513 515 516
57 513 516
53
38 519
43 519 520
21 519 520 521
48 519 520 522
23 519 520 522
69
54 525
22
19 527
41
37 529
39
97 531
72 531 532
57
37 534
39 534 535
57 534 536
30 534 536 537
77 534 536 538
52 534
30 534
46
59 542
46 542 543
50 542 543 544
60
50 546
52 546 547
75 548
70
61 550
42
56 552
23 553
45
44 555
53 555 556
63
71 558
35
42
82
66 562
21
42 564
45 565
55 565
62 565 567
53
40 569
31 569 570
38
87 572
43 573
46 573 574
48
62 576
79 576 577
92 576 578
23 576 579
71 579 580
43
50 582
46 582 583
60
49 585
69 585 586
46
77 588
61 588 589
40 589 590
43 589 590
91
14 593
44
34
60 596
44 596 597
31 598
34 598 599
43 599 600
51
47 602
66 602 603
29
83
53
96 607
61 607 608
45 607 608 609
13 607 609
66 609 611
55
23 613
71 613 614
43
22 616
37 616 617
53
41
38 620
43 620 621
40
58
47 624
47
48 626
56
41 628
58 628 629
42
52 631
38
37 633
63
49 635
89 635 636
35
79 638
42 638 639
41
73 641
37 641
23 643
58 644
57
38 646
14 646
65 646 648
16
34 650
56 650 651
57 652
71 652 653
37
51 655
15 655 656
68 655 656 657
67
74 659
80 659 660
94 660 661
29 662
55 663
42
41 665
69
39 667
54 667
72 667 669
41 667 669 670
38 667 669 670 671
38
66
47 674
52 674 675
45 674 675 676
51 674 675 676 677
71
37 679
51 679 680
46
75 682
25 682 683
34 682 683
36 682 683 685
71
78 687
19 687 688
66 687
38 687 690
40
60 692
44 692 693
54 693 694
53
73 696
29 696 697
67 696 697 698
45 696 697
58 696 700
45
51 702
59 702 703
64
41
38 706
49 706 707
33
37 709
47
28 711
51 711 712
34
31 714
37 714
52 714 716
28
45
52 719
53 719 720
19 720 721
23 720 721 722
57
91 724
35 725
49 725 726
56 725 726 727
55 725 728
73
87 730
17 730 731
28
34 733
60 734
29
56 736
20
60 738
49
46 740
56 740 741
73 740 741 742
42 740 743
33 743 744
42
49 746
44 746 747
21 747 748
39
68 750
79 750 751
37 750 752
19 753
32
80 755
52 755 756
59
34 758
32 758 759
43 759 760
57
48 762
28 762 763
48 762 763 764
46
79
76 767
39 767 768
38 767 769
56 767 770
33
59 772
13
38
38 775
38 775 776
49
30 778
36 778 779
44 778
49
47 782
38 782 783
14 782 783 784
44
55 786
30 786 787
23
67
25
30 791
55 791 792
66 791 792 793
35 791 793 794
28
33 796
23
45 798
31 799
63 799
40
17 802
43 802 803
35 802 803 804
42
54 806
49 806 807
35
