310
34
42 0
28 0 1
20 0 1 2
39 0 1 2 3
44 1 2 3 4
57
56 6
43 6 7
20 7 8
45 9
31 9
64
80 12
10 12 13
43
42 15
13
41 17
67
41 19
82 19 20
58 19 21
57
50 23
66 24
70
79
58 27
20
33 29
32 29 30
54 29 30 31
50
21 33
66 33 34
83 33 34 35
21 35 36
60 35 37
52
34 39
56
53 41
14 41 42
41 41 42 43
43
14 45
51 45 46
66 45 46 47
41 45 46 47 48
36
65 50
15
31 52
38 52 53
37 52 54
50 52 54 55
73 54 55 56
48 56 57
17 57
40 57 59
73
51 61
55
46 63
29 63 64
31
10 66
58 66 67
52 66 67 68
36
42 70
12 71
65
62 73
18 73 74
28 73 74 75
16 76
13 76 77
27
34 79
26 80
20
29 82
48
50 84
22 84 85
94
22 87
61 88
55
39 90
70
31 92
31 92 93
50 92 93 94
48
35 96
88 96
56 96 98
44
56 100
47 100 101
46 100 101 102
57
59 104
56
51 106
47 107
62 107 108
61
16 110
62
49
13 113
90 113 114
51 113 115
50
85
29 118
43
37
72 121
41 121 122
30
50 124
27 124 125
56
63 127
79
62 129
29 129 130
34 130 131
44 130 131 132
70
70 134
24 134 135
19
66 137
36
58 139
21 139 140
11
38
30 143
23 143 144
31
63 146
43
28 148
58 148 149
40 148 149 150
37
62
72 153
32 153 154
42 153 154 155
55
15 157
48
13 159
29 159 160
58 159 160
52 159 160 162
46 162 163
97
36 165
10
41 167
39
28 169
58 169 170
71 169 170 171
21
22
14
41 175
54
45 177
30 177 178
25 177 178 179
25
43 181
65
44 183
56
31 185
33 185
38 187
36 188
58
35 190
40 190 191
14 190 192
47
71 194
41
68 196
32 196 197
41 196 197 198
52
35 200
79 201
72
40 203
44
54 205
32
64 207
36
23 209
36 209 210
47 210 211
85 210 211
93
55 214
68
41 216
43 216 217
53 216 217 218
57
60 220
46 220
59 220 222
33
62 224
57
48
54 227
65 227 228
79 227 228 229
34 227
15 227 231
29
58 233
24 233 234
37 233 234 235
33
65 237
64 238
38 238
57 238 240
48
13 242
40 243
30 243 244
41 243 245
81
33 247
53 248
42 248 249
26 249 250
61 249 251
24
50
45
14 255
39 255 256
52 255 256
39 255 256 258
57
26 260
46 260 261
52 261 262
23
41 264
15 265
27 265 266
31
49 268
68 268 269
30 268 270
67 268 270
40
43
46 274
64 274 275
68 274 275 276
32
38
58
55 280
34 280 281
41 280 281
10
45 284
49 284 285
18 284 285 286
77 284 285 286 287
19 284 285 286 287 288
51
66 290
48 290 291
55
78 293
88 293 294
44 294 295
63 294 296
56 294 296 297
41
81 299
43
50 301
10 301 302
53 301 302
75
35 305
45 305 306
31 306 307
36 307 308
