310
61
32 0
38 0 1
40 1 2
48
48
24 5
48 5 6
50
25 8
59 8 9
32 8 9 10
65 8 9 10 11
68 9 10 11
62
15 14
78
41 16
11
73 18
81 18 19
42
37 21
34
53 23
91
82 25
19
68 27
37 27
79
21 30
49 30 31
26 30 31 32
28 31 32 33
59
67 35
44 35 36
80 36 37
48 36
34
51
39 41
27 41 42
45 43
44 43 44
46
72
38
55
82 49
45 49 50
31 49 51
55 49 51 52
68
54 54
44 54 55
76 54 56
13 54 57
62
58 59
30 59 60
31 59 60 61
38 59 62
21 62
89 62 64
63
32
40 67
37 67 68
41 67 68 69
21
27 71
44
54 73
49 73 74
60 73 74 75
39 73 74 75 76
32 76 77
35
50 79
23 79 80
48 80 81
47
53
37 84
25 84
42 84 86
65 84 86
47
39 89
29 89 90
44
81
11 93
56 93
27 93 95
46
53 97
58 97 98
43 97 98 99
65
47 101
64
13 103
66 103 104
58 103 104
19
68 107
11 107
55 107
54
14 111
66 112
31
49 114
27 114 115
45
87 117
59 117 118
36 117 118
42 117 120
60 120 121
40
39
63 124
69 124 125
42 124 125 126
37
22 128
60 128 129
49 129 130
39
64 132
22 132 133
52
62
51
51 137
65
46 139
52 139 140
54 140 141
50
50 143
70
63 145
88 146
41 146 147
60
33 149
37 149 150
59 150 151
94
57 153
53 153 154
54 153 154 155
53
26 157
44 158
53 158 159
69 158 159 160
29 159 160 161
19
32
58 164
24
100 166
68 167
43 167 168
57
39
63 171
52 171 172
53
28 174
33 174
52 174
59
18
55 179
72 179 180
41 179 180 181
88
49
57 184
60
47 186
36 186
28 186 188
42
64 190
44 190 191
50
76 193
67
41 195
32 195 196
60
14 198
39 198 199
69
59 201
48 201 202
38
57
23 205
69 205 206
29 205 206 207
33
37 209
72 209 210
45 209 211
97
42 213
45
37
43 216
21 216 217
68
47
38 220
77 220 221
53 221 222
84
89 224
37
29 226
36 226 227
64
45
46 230
37
79 232
26 232 233
54 232 233
76
55 236
43
55
88 239
66 239
55 241
39 241 242
31
48 244
22
73 246
91 246 247
38 247 248
16 247 249
68 247 249
44
49 252
51 252 253
62 252 253
70 252 253 255
43 253
42 253 257
42
59 259
69
22 261
12
73 263
66 263 264
34 263 264 265
66
27 267
35 267 268
22 267 268 269
47
64
43
25
56 274
24 274 275
97
54 277
47
66 279
28 279
47 279 281
53 281 282
39
25 284
57 284 285
49 284 285
45 284 285 287
40 284 285 287
95
67 290
60 290 291
30 290
26 290 293
66
62 295
59 296
63
17 298
86 298 299
46 298 299
42 299 301
62
40 303
60 303
34
76 306
44
43 308
