610
46
52 0
46 0 1
50 0 1
66 0 1
29 0 4
45 4 5
52 5 6
53
69 8
27
30 10
50 10 11
29 10 12
56 12 13
81
30 15
54 15 16
44
26 18
100 18 19
33 18 20
16
59
56 23
32 23 24
29
64 26
37 26 27
20 26 27 28
71 26 27
27
27 31
41 31 32
37 32
42 34
38
56 36
21
27 38
34 38
36 40
39 40 41
16 41 42
75
78 44
25 44 45
40 44 45 46
30 44 45 47
45
57 49
43 49 50
62 49 50
48 49 50 52
80 49 50
77
53 55
53 55 56
14
89 58
32 58 59
50
47 61
42 61 62
54 61 62 63
16 61 62 64
15
45 66
31 67
33
52 69
62
20 71
25 71 72
40
50 74
35 74
50 76
50
21 78
51 79
46 79 80
50 80 81
45
45 83
25
45 85
80 85 86
52
38 88
61 88
46
43 91
58 92
68 93
47
82 95
53 95 96
41 95 96 97
15 95 97 98
78
26 100
57
21 102
54
40 104
35
74 106
35 106 107
54 106
43
61 110
33 110 111
43 110 111 112
62 110 111 113
56 110 111 113 114
59 110 113 115
38 110
48 117
63
41 119
50 119 120
61 119 120 121
49
34 123
51 123 124
61 123 124 125
11
76
46 128
55
46 130
18 130 131
25
10 133
90 133
48 133 135
56
41
59 138
88 138 139
48
27
21 142
36 142 143
36
26 145
78 145 146
22
22 148
50 148 149
61 148 149 150
37 148 149 150 151
27
40 153
47 153 154
30 153 154 155
25
20 157
23 157 158
40 157 158 159
63
53 161
59 161 162
32
45 164
74 164 165
43
13
53 168
38 168
34
63 171
24 171 172
59
52 174
41 174 175
55 174 175
15
22 178
86 178 179
26 179
45 179 181
37 179
58
16 184
40 184 185
52 184 185 186
87 185
59
70 189
61 189
18
45 192
62
46 194
44 194 195
60 195 196
36 195 196
43 198
37 199
77 199 200
28
47 202
18
45 204
55 204 205
94 204 205 206
34
17 208
36
70 210
45 210
34
39 213
40 214
61 214 215
39 215 216
70
52 218
21 218 219
50 218 219 220
30 218 219 220 221
15
35 223
59
40 225
54 225 226
44
24 228
49 228 229
31 228 229
40 228 229 231
12
21 233
20
38 235
49 235 236
26
37 238
51
54 240
40 240 241
38 240 241 242
52 240 242 243
62 240 243
30
17
40 247
14 247 248
18 247 248 249
23
62 251
61 251
58
18
44 255
49 255 256
46 256 257
43 256 257
25 259
68
48 261
72
57 263
33
52 265
22 266
54 266 267
44
49 269
48
40
28 272
37 272 273
31
50 275
20
32 277
34 277 278
61 277 278 279
50
38 281
26 281 282
55
92 284
39
10 286
83 286 287
53
17 289
28 289 290
43
69 292
76 292 293
32
84 295
54
45 297
63 297 298
53 297 299
22 297 299
44
26 302
18 302 303
73 302 303 304
64
69 306
73 306
62 306 308
49
42 310
53 310 311
47
38 313
46 313 314
71 314 315
36
26
41 318
67 318 319
38 318 319 320
70 319 320
35
33 323
71 323 324
33
25 326
60
82 328
59 328 329
61 328 329
71 328 329
50 328 332
33 333
73
64
38 336
46 336 337
71
18 339
48 340
46
47
67 343
43 343 344
50 344
83 344
63 344 347
43
52 349
58
35
75 352
45
45 354
50
67 356
53 356 357
53 356 357
49
20 360
27 360 361
41 360 361 362
30 361 362 363
91
26
65 366
20 366
29 366 368
16
50 370
43
61
28 373
32
48 375
54 375 376
86 375 376 377
35 375 377 378
57
58 380
42 380 381
58 381 382
48 382 383
54 383 384
44 383 384 385
28
42 387
41 387 388
52
38 390
64
38 392
80 392 393
27 392 393 394
49
33 396
53 396 397
56
37 399
63
31 401
44 401 402
44
28 404
15 404 405
73
44 407
45
45 409
47 409 410
42
33
50 413
60
24 415
53
16 417
26 417 418
20 417 419
68
86 421
44 421 422
37
56 424
51
40 426
58 426 427
70 426 428
73
50 430
44 430 431
79 432
13 433
50 433 434
72
74 436
42
43 438
39 438 439
58
41 441
31 441 442
24 441 442
31 441 444
34 441 444
22 441 444
55
11 448
24
47 450
62 451
41 451 452
76 451 452 453
30 451 453
39
52 456
18 456 457
36 457
63
53 460
80 460 461
48 460 462
47 460 462 463
47 460 462
70
30 466
42 466
85
61
43
26 471
67
14 473
20 473 474
18
23
11 477
68
24 479
32 479 480
44 481
26
60 483
49
55 485
15
55 487
39 488
75
49 490
29 490 491
28
70 493
50
51 495
51 495 496
40 495 496 497
54
43 499
33
37 501
36
47 503
47 503 504
79
32 506
32
55
11 509
47 510
27 510 511
24 511 512
30
72
79 515
47
50
64 518
31 518 519
35 518 519 520
28
62 522
54 522 523
66 524
26 525
88 525 526
35
78 528
27
63 530
43 530
30
55
20 534
47
52 536
57 536 537
75 536 537
39
54 540
33 540
18 540 542
49 542 543
13
32 545
45 546
62
49 548
99 548 549
58 548 549
57 548 549
27 552
55
33 554
22 554 555
48 556
59
67 558
59 559
61 559 560
39
24 562
67 562 563
85
30
27
30 567
36 567 568
27
70
65 571
61 571 572
72 571 572
54 571 572 574
22
35 576
53 576 577
24
38 579
36 579 580
84
44 582
35 582 583
82 582 583 584
28 582 583 584
28
55 587
66
66 589
55 589 590
19 589 590 591
29 589 591 592
54
33
29 595
43 595 596
49 595 596 597
45 595 596 597
53 595 599
46 595 599 600
54
78 602
36 602 603
68
59 605
39 605 606
42 606 607
28 607 608
