200
40
58 0
34
44 2
63 2 3
83 2 3 4
50 2 3 4 5
66 5
49
40 8
28 8 9
33 8 9 10
12
45 12
71 12
43 12 14
27 12 15
77
85 17
69 17 18
36 17 18 19
88 17 19 20
25
27 22
35
76 24
36 24 25
30 24 25 26
29
52 28
74 29
37
68 31
20 32
22
68
50 35
50 35 36
25
85 38
28 38 39
62 39 40
39
41
67 43
38 43 44
63 43 44 45
65
81 47
66 47 48
45 47 49
32
38 51
65 51 52
36
21 54
47 54 55
18 56
36
18 58
69 58 59
47 58 59 60
45
45 62
77
41 64
40
34 66
71 66 67
45 66 67
13
22 70
49
59 72
21
21 74
34 74 75
41 74 75 76
61 74 76
41
53
64 80
47
32 82
36 82 83
68 82 83
46
33 86
71 86 87
66
33
19 90
44 90 91
50
37 93
40 93
59
26 96
59
29 98
41 98 99
64 99 100
68 99 100
55
49
83 104
38 104
39
52 107
51 108
77 108 109
42 108 109
80 108 109 111
57
58 113
55
56 115
51 115 116
15
79 118
32 118
32
77 121
63 121 122
64
65 124
51 124 125
49 124 125
24
54 128
42 128 129
75
21 131
45 131 132
26 131
20 131 134
71 131 134 135
37 131 136
43 131 137
39 131 137 138
31
41
57 141
88 141 142
65 142 143
61 142 143
13
40 146
57 146 147
54 146 147 148
44 147 148 149
64 148 149 150
48
54 152
66 152 153
44 152 153 154
18 152 154 155
41
21 157
57 157 158
41 157 159
11 157 159 160
55
32
76 163
60 164
55 164 165
19
59 167
47 167 168
86
31 170
17
50 172
42 172 173
36
21 175
74 176
98
39 178
68 178 179
60 180
19 180 181
47
84 183
63 183 184
36 183 184 185
13
38
58 188
81
49 190
76
50 192
38
59 194
71
49 196
45 196 197
37 196 198
