210
37
56 0
54 0 1
46 0 2
41 0 2 3
40
62 5
65 5
55 5
48 8
55
38 10
32 10 11
42 11 12
44
48 14
75
60 16
74 16 17
64 16 17 18
10 17 18
41
79 21
38 22
49
43 24
46 25
36 26
48 26
62
32 29
53 30
31 30 31
16
67 33
35 33 34
42 34 35
41 35 36
52
37 38
41 38 39
48 38 39 40
38 39 41
90
42 43
21 43 44
69
48 46
57 46 47
52
46 49
30 49 50
46 49 50
30
33 53
31 53 54
65 53 54
79 54
19
99 58
49 58 59
32 58 60
52 60 61
79 61 62
40 62
58
54 65
54 65 66
69 65 66 67
19
72 69
70
64 71
64 71 72
34
77 74
55
76 76
59 76 77
57
33 79
50 79 80
39
46 82
66 83
40 84
18 84 85
44 84 85
63
38 88
41 88 89
40 88 90
84 91
40
35 93
51 93
49 93 95
25
20 97
80 97
34 99
19 100
23
17 102
92 102 103
38
38 105
51
34 107
36 107 108
38 107 108 109
27 107 108 109 110
63 107 108 109 110 111
45
56
36
40 115
48 115 116
21
27 118
61 118 119
60 118 119
39 118 119
70
53 123
40 123 124
36 123 124 125
68 123 124 125
47
54 128
24 128 129
41
32 131
29 131 132
54 132
45
66 135
29
32 137
37 137 138
43
54 140
43 140 141
47 141 142
13
58
74
58 146
32 146 147
22 147 148
48 147 148
63 148
83
61 152
73 152 153
22 152 153 154
46 154
33
23 157
57 157 158
42 157 158 159
63
24 161
30 161 162
34 162 163
64
21 165
70 165 166
28 166 167
56
39 169
41 169 170
82 169 170
84 169 172
71
24 174
37
73 176
57 176 177
48 176 177 178
55
61 180
50 180 181
88 180 181 182
74
72 184
63
25
78
21
29 189
48 189 190
40 189 190 191
34 189 192
35 192 193
63
40 195
50 195
16 197
55 198
48 198 199
28
49 201
36 201 202
34 201
69
51 205
57 205 206
46 205 206 207
47 205 206 207 208
