710
92
34 0
79 0 1
44
59 3
30 3 4
73 3 4 5
52
60
35 8
66 8 9
64
20 11
60 11
56 11
79
23 15
53 15 16
36
45 18
27 18
49 20
21 20 21
39 20 22
39
43 24
68
25 26
52 26 27
51 27 28
27 27 29
51 27 29 30
43
39 32
40 32
60 32 34
74
20 36
77 36 37
12 37 38
39 37 38
75
61 41
22 41 42
91 41 42 43
26
28 45
57 45 46
19
39 48
26 48 49
52 48 49
48
52 52
51
13 54
32 55
67 55 56
22
66 58
14 58 59
74 59 60
76 60
33 60 62
44 62 63
10 62 63 64
25 62 64
59
52 67
35 67 68
64 69
40 69 70
40
74
39 73
57 73 74
65
57 76
38 76 77
32 76
38 76 79
53
64 81
65
32 83
96 83 84
59
15
34 87
34
65 89
47 89 90
70
46 92
34 92
47 92 94
59 94 95
23
42 97
17 97 98
59 97 98
71
29
53 102
62 102 103
60
70
49 106
61 106 107
41 106 108
88
37 110
18 110 111
57 111 112
15
21
25 115
61
74 117
32
21 119
28 119 120
53 119 120
74 119 120 122
68
36 124
61 124
47 126
23 126 127
49 126 127 128
39
61 130
29
14
24 133
47 133 134
61 133 134
58 134 136
59
50 138
72 138 139
67 138 139 140
60
38 142
34 143
51
38 145
46 145 146
66 145 146
37 145
70 145 149
60
32 151
75
35 153
86
42 155
44 155 156
19
51 158
76 158 159
41
60 161
66
34 163
48 163 164
41 163 164 165
57
77
27
47 169
13 169 170
62
62 172
57
44 174
41 174 175
39 175 176
27
35 178
56
43
57 181
59 181 182
60 181
52 181 184
31 181 184 185
44
85 187
29 187 188
71 187 188 189
45 188 189 190
42 188 189 190 191
41
66 193
38 193
46 193 195
42 193 195 196
22
35 198
59 198 199
15 198 199 200
38
40 202
31 202 203
58
30 205
41 205
45 205
57
77 209
82 209 210
24 209 210
58
27 213
32
63 215
42
18
54 218
16 218
41
30 221
41 221 222
54 221 223
50
76 225
77 225 226
24 225 226 227
62 225 227
80
48 230
38 230 231
44
32 233
76 233 234
22 234 235
39
58
25 238
40 238 239
26
64 241
37 241 242
36 241
51
68 245
76
44 247
46 247
52 247 249
35 247 249 250
34
12 252
36
53 254
52
40 256
58 256 257
69 256
28 256 259
27 260
31
49 262
30 262
25 264
59 264 265
65
34 267
64 267 268
32
50 270
76 270 271
14 270 272
19
17 274
70 274 275
43 275 276
26
30 278
48
72
58
51
65
39 284
87 284 285
40 284 285 286
61 284 285 286 287
44 284 286 288
70
45 290
29 290 291
45 290 292
59 290 292 293
69
61 295
40 295
50
57 298
53 298 299
90
56 301
70 301
43 301 303
27 304
49
44 306
74
79 308
77 308 309
53 308 309 310
40 308
45
66 313
45 314
41 315
82 315 316
71 316 317
39 318
65 319
31
11 321
12 321 322
30 321 322 323
52 321 322 324
61
52 326
76 326 327
22 326 327
39
16 330
31 331
51 331 332
32
17 334
39 334 335
49 334 335 336
43
43 338
65 338 339
34 339 340
48
39 342
47
39 344
62 344 345
33
47 347
26 347 348
73
32 350
44 350 351
13 350 351 352
60
35 354
40 354 355
71 354 355
25 355 357
62
47 359
77 359 360
83 359 360 361
18 359 360 361
62 359 360 361 363
19
43 365
54 365 366
28
55 368
39 369
54 369 370
48 369 370
31
22 373
35
56 375
30 375
35 375 377
63 377 378
41 378 379
28 378 380
40 378 380 381
76
42 383
58 383 384
29 384
49 386
54
89
19 389
53 389 390
69 390 391
30
14 393
85 393 394
42 394
56 394 396
37 396
39 396
31 396 399
43
26 401
19
43 403
44 403 404
30 404 405
36
37 407
39 407 408
54 407 408 409
67
44 411
14 411
62 411 413
59 413 414
45
45 416
15 416 417
64 416
71
51 420
21 420 421
31 420 421 422
67
55 424
52 425
25 425
58
48 428
44 428 429
19
38 431
45 431 432
27 431 432 433
61 431 432 433 434
52 433 434 435
56 433 436
88
44 438
47 438 439
56 438 439
34 438 439 441
57 438 442
52
34 444
100 444 445
50 445 446
49
49 448
30 448 449
27 449
43
46 452
50 452 453
19 452 454
29 452 454 455
50
48 457
60 457
33 457 459
35
72 461
63 461 462
90 462
57 464
20 464 465
43 465 466
55
39 468
49 468 469
11
18 471
51 471 472
74 471 472 473
84
55
35 476
41 477
43 477 478
22
67 480
51 480 481
58
65 483
17 483
38
51 486
74
37 488
70
48 490
68 490 491
64 491 492
54
64
39 495
41
21 497
65
65 499
51
30 501
33 501 502
80 501 503
19 501 503 504
43 503 504 505
65
39 507
28 508
39
17 510
36 510 511
40 510 511 512
21 510 513
40 510 513 514
26
13 516
59 516 517
55 516 517
44 516 517 519
24 516 517 520
71
33 522
37 522 523
44 522 523 524
55
19 526
76 526 527
47
26 529
33
27 531
58 531 532
62 531 532 533
26
50 535
46 535 536
65
55 538
57 538 539
10 538 540
55 538 540 541
69
26 543
55
69 545
50
78 547
23 547 548
25 548
53
81 551
68
50
29 554
40 554 555
33 554 555 556
38
68 558
37 558 559
22 558 559
32
36 562
52 562 563
51 562 563 564
52
28 566
25 566 567
58
81 569
29 569 570
66 569 570 571
37 569 570 571 572
77 572 573
88
43 575
42 575 576
39
31 578
60
28 580
49 581
47 581
66 581 583
34 583 584
41 585
47 586
29
76 588
24
66 590
69
49
22 593
21 593 594
53
32
37
66 598
64 598 599
27
40 601
28 601 602
52
64 604
34 604 605
13 604 605 606
37
52 608
66 608 609
81
39 611
62 611 612
72
55 614
67
35
66 617
50 617 618
58
40 620
66
72 622
65
39 624
20 624
27
56 627
38 628
47 628 629
69
61 631
37 632
51
52 634
51
31 636
44 636 637
22 637 638
40 638
13
41 641
35 642
24
11 644
29 644 645
36
41 647
52 647 648
43 647 648 649
91
32 651
55 651 652
44 652
42 652 654
41 654 655
32
52
72
36 659
41
69 661
44 661 662
69 661 662 663
71 662 663
41
50
51 667
31 667 668
33 669
76
49 671
72
93
32 674
48
64 676
65 676
22
44 679
68 680
44
61 682
62 682 683
56 682 684
26
25 686
42 686 687
41 688
31 689
90 689 690
50 689 690 691
38 690 691
82
23 694
60 695
84 696
13 696 697
28
92 699
27
55 701
16
25 703
74 703 704
90 703 704 705
23 703 704 705 706
42
44 708
