810
48
33 0
51 0 1
44 0 1 2
32 0 1 2
37
49 5
68 6
49 6 7
29
51 9
40 9 10
65 9 10 11
34
44
51 14
29 14 15
64 14
35
46 18
75
52
72
48 22
22 22 23
66 22 24
64 25
27
36 27
31 27 28
29
69 30
44
57 32
52 32 33
40 32 33
49
59 36
56 36 37
28
11 39
58 39 40
29 39 40 41
51
27 43
50 43 44
64 43 44 45
43
69
41 48
20
46 50
28 50 51
39 50 52
55 50 52 53
39
53 55
51 55
50 55 57
61 55 57 58
33
49
42 61
50 61 62
46 62 63
30 63
70 65
11 65 66
29
33 68
46 68 69
40 68 69 70
42 68 69 70 71
21
74 73
69
34 75
37 76
35 76 77
52 76
11
52 80
76 80 81
43 80
40 80 83
19 80 83 84
39
45 86
52 86 87
33 87 88
59 87 88 89
55 87 89
61
51 92
75
50 94
55 94 95
56 96
64 96 97
51 97
55 97 99
58
54 101
22 101 102
44 101 102 103
47 101 103
82 101 105
37
36 107
23
58 109
35 109 110
49 109 110 111
74
96
64 114
70 114 115
84 114 115 116
51
67 118
33
54 120
34
41 122
24
61 124
53 124 125
49 125
42 125 127
65
23
68 130
39 131
74 131 132
47 131 132 133
59 132 133 134
29
44 136
46 137
85 138
50 138 139
29
23 141
32 141 142
53 141 143
62 141 143
56
76 146
88 146 147
77 147 148
31 147
31
59 151
26 151 152
24
31 154
11 154 155
49
64 157
62 157 158
16 157 158 159
56
44 161
62 161 162
91 161 162 163
35 163 164
62 163 164 165
28
78 167
69
26 169
79 169 170
53 170
25 170 172
60 170 172 173
70
15 175
45 175 176
22 176 177
34 176 178
25
61 180
46 180
66
39 183
52
41 185
38 185 186
52 185 186
44 185 186 188
53 185 189
41
14
88 192
25 192 193
47 192 193 194
27
49 196
20 196 197
28 196 197 198
23 196 197 198
43
54 201
67 201 202
12 201 202 203
45
26 205
68 205 206
27
90 208
58 208 209
70
66 211
65
68 213
47
89 215
51 215 216
31 215 216 217
37 217 218
48 217 218 219
27
52 221
59
44 223
27 223
46 223 225
18 223 225 226
56
30 228
68 228 229
32
23 231
48 232
14 232 233
17
47 235
26 236
57 236 237
29 237 238
51 237
29 237
30
45 242
27 243
45
53 245
26 245
21 245 247
68 245 247
55 245 247 249
62 245 250
70
81 252
40
11
26
46 256
39 256 257
77
66 259
23 259 260
48 259 260 261
21 260 261 262
43
17 264
76 264 265
44
58 267
32 268
66
63 270
30 270 271
22 272
23
12 274
44 274 275
74 274 275 276
44 274 276 277
43
50 279
65 280
49
68 282
34 283
56 283
30 283 285
59 283 285
30
16 288
44
46 290
27
37 292
53 292 293
45
74 295
33 295 296
67 295 296 297
52 295 296 297 298
55 295 298
45
16 301
41 301 302
95
62 304
64 304 305
68 305 306
49 305 306
59 305 308
44
93 310
38 310 311
48
79 313
35 313 314
36
25 316
53 316 317
12 316 317 318
47 317 318
47 320
70
42 322
41 323
61
52 325
43 325 326
16 325 326 327
75
26
71
33 331
57 331 332
58 331 332 333
46
48 335
61 335 336
17
33
67
24 340
24 341
26 341
41 341 343
43 341 343 344
31
92
44 347
53 347 348
61 348 349
21
39 351
21 351 352
59 352 353
58
35 355
64 355 356
64 355
45 355 358
18 355 358 359
35
32 361
46
53 363
27 363 364
45
40 366
19 366
45
46 369
53 369 370
47 370 371
49 370
31
51 374
77 375
53 375 376
42
40 378
21 378 379
47
53 381
47 381 382
33
44
51 385
24 385 386
52 386 387
27 386 387 388
42 387 388 389
74 387 389 390
20
42 392
34
56 394
67 394
29 394 396
38 396 397
37 396 398
42 396 398 399
80
16 401
46
41 403
43
30 405
42
60 407
61 407 408
41 407 408 409
10
59 411
46 411 412
67 412 413
68 413 414
82 414 415
52 415
58 417
42
24 419
22 419 420
59 419 421
21
36 423
31 424
50
57 426
18 427
40 427 428
42
34 430
23 430 431
54
68 433
27 433 434
51
66 436
16 436 437
51
53 439
64
35 441
25 441 442
25 441 442
56
72 445
55 445 446
28 445 446 447
23
74 449
45 449
73 449 451
47 449 451
51 449 451 453
22 449 451 453 454
27 453 455
66 453 455 456
35
44 458
91 459
74 459
53
64 462
62
42 464
48 464 465
89
74 467
56 467 468
33 467 468 469
40 468 469
32 468 469 471
59 469 471
46 469 471 473
37 473
43
67 476
37 476
14 476 478
41
67 480
51 480 481
14 480 482
62 480 482 483
52 482 483
46 483 485
53
55 487
58 487 488
31 489
45
33 491
47 491 492
26
60 494
66 494 495
50 494 496
53
35 498
35 499
62
30 501
28 501 502
54 501 502 503
32 502 503 504
46
36 506
45 506 507
53 506 508
73
37 510
73 510 511
41 510 511 512
49
40 514
46 514 515
40 514 515 516
19 514 516 517
49 518
49
73 520
18 520 521
48 520 521
53 520 521
44
67 525
44 525 526
34 525
61 525 528
28
32 530
71 530 531
19
53 533
29 533
24 533 535
70 535 536
35 535 536
13 535 536 538
88
45 540
31 540 541
35 540 541 542
60
24 544
60 544 545
35 544 545
29 544 545
85 544 545 548
62
62 550
35 550
51
50
36 554
54 554 555
51 554 555
56
11 558
26
38 560
37 560
68 560 562
26
63 564
29 564 565
28 564 565
33 564 565 567
53
28 569
77 570
52 570 571
60
41 573
65
30 575
45
60 577
43 577 578
31 578 579
42
56 581
62 581
57 581 583
56
39 585
25 585 586
51 585 586 587
48 586 588
46
46
68 591
75 591 592
48 591 592 593
14 591 592 593 594
37
58
39 597
66 597 598
68 598
11 598 600
62 601
64 602
38
29 604
39 604
46 604 606
86
47 608
40 608 609
51 608 609 610
45
43 612
54 612 613
66 612 614
21 612 614 615
35
26 617
61 617 618
22
37 620
20 620 621
37 620 621
25
45 624
64
25
60 627
48 627 628
24 627 628 629
13 627 629
45
36 632
34 633
34
19 635
63 635 636
50
45
49 639
31
43 641
31
42 643
35
42 645
73 645 646
51 645 646
45
87 649
87 649 650
53
40 652
30 652 653
46 652 653 654
53
17 656
55 656 657
37
45 659
62 659 660
32 659 660 661
21 660
51
22 664
57 664 665
78 664 665 666
11 664 666
39
20 669
51 669 670
91
38
41 673
48 674
70 674 675
14 674 676
57
56 678
77
56 680
67 680 681
38 680 681 682
66
41 684
57 684 685
51 684 685
62 684 687
30 684 687 688
24 684 688 689
18
56 691
17 691 692
30
32 694
67 694 695
48 694 695
50 694 697
25
24 699
53 700
40 700 701
37
35
60 704
34
58
35 707
52
43 709
22 709 710
41 709 710 711
60 711 712
56 711 712 713
81 711 713
22 713 715
34
10 717
43
37 719
56 719 720
41 720 721
82
59
15 724
57 724 725
22
46 727
14 727 728
30 727 729
64 727 729 730
49
50 732
47 732
64
53 735
48 735 736
74
24 738
34
57 740
68 740 741
67 740 741 742
70
75 744
11 744 745
51 744 745 746
56
26 748
38
27 750
67 751
56 752
36 752 753
83
40 755
68 755 756
87 755 756 757
39
40 759
27 759
33 759 761
75 759 761 762
54
45 764
51
30 766
61 766 767
25
57 769
41
23 771
42
47
55
43 775
52 775 776
59
53 778
73 778 779
27
57 781
69 781
81 783
55
36 785
26
51 787
45
37 789
52 789 790
29
56 792
47 792 793
60
49 795
65 795 796
44
30 798
43 798 799
54 799 800
61
32 802
74
57 804
13 804
49 804 806
32 806
57
