210
35
52 0
68 1
75 1 2
31 2
70 2 4
53
38 6
43 6 7
55
22
28 10
38 10 11
18
59 13
43 13 14
37
15
60 17
19 17 18
83 18 19
72 20
14
67 22
39 22
70 22 24
48 24 25
29 24 26
34
44 28
49
59
40 31
20 32
83 32 33
35
52 35
58
76 37
32 37
17 37 39
92
30 41
51 41
27 41 43
58 41 43 44
27
32
67
40 48
33 48 49
76 49 50
44 49 51
79
64
19 54
42 55
20
75 57
49 57 58
88 58 59
79 58 59 60
54 59 61
47
71 63
52 63 64
33
12 66
39
26
72 69
49 69
75
46 72
53 72 73
30 72 73 74
20
41 76
54 77
74 78
33
59 80
28 81
48
31 83
50 83 84
34
80 86
54 86 87
46 86 87
35 86 87 89
78 86 90
71
28 92
82 92 93
45 92 93
12
51 96
59 96
57
15 99
59
67
39
68 103
75 103 104
55 103 105
37 103 106
44
74 108
45 108 109
70
37
48 112
80 112 113
35 114
22 114 115
61 114 115 116
19
33
47
35 120
39 120 121
67 120 121
43
42 124
44 124
20 124 126
13 126
37
63 129
27
11 131
53 132
94 133
46
34 135
14 135 136
47 135 136 137
53 135 137 138
40
80 140
58 140
17
40 143
44 143 144
42 143 144
45 144
30
77 148
56 148 149
36 148 149 150
33
70 152
72 152 153
42 152 153
49
57 156
70 156 157
26
67 159
18 159 160
54 159 161
53 159 161 162
37
24 164
45 165
38 165 166
55
63 168
51 168 169
62 168 169 170
44 169 171
47 169 171 172
97 172 173
35
45 175
27
44 177
57
60 179
73 179
64
34 182
54 182 183
18 182 183 184
19 182 183 184
53 183 184 186
60 183 186
44
38 189
69
28 191
71 191 192
31 192 193
10 192 193 194
51 193 195
51
43 197
29
45 199
47 199 200
68 200 201
48 200 201 202
49 200 202 203
50
73 205
37 205 206
46
65 208
