710
50
45
16 1
59 1 2
25
83 4
68
57 6
86 6 7
51 6 7 8
22
38 10
34 10 11
50 10 11 12
31
66
71 15
48 15 16
18 15 16 17
51
56 19
81
46 21
45 21 22
85 22 23
40
32 25
17
41 27
30 27 28
37 27 28 29
39 27 28 29
70
72 32
53 32 33
68 32 34
36 32 34 35
21 32
57
57 38
46 38 39
63 38 39
12
48
69 43
58 43 44
61 43 44 45
89
55
29 48
40 49
39
58 51
48 51 52
21 51 52 53
33
69 55
48
30 57
62 57 58
48 58
59 58 60
37
33 62
67 63
52 64
29
46 66
49 66 67
45
39 69
51 70
65 70 71
37
20 73
50
33 75
23 75
53 75 77
12 75 78
33
56 80
52 80 81
50 80 81
28 80 81 83
73 80 81 84
52 80 81 84 85
48 84 85
69 84 87
59
41 89
18
56 91
71 92
59
80 94
71 94 95
48 94 95 96
30
41 98
94 98
32 98 100
74 98 100 101
46
48 103
50
37 105
39 105 106
75
43
31 109
58 109 110
55
62
33 113
27
76 115
41 115 116
28 115 116 117
79
14 119
13 119 120
33 119 120 121
85
77 123
40 123 124
37
16 126
19 126
44 126 128
56
28 130
70 130
53 130 132
63 130 132
21
93 135
11 135 136
38 135 136 137
16 135 136 137
43
51 140
56 140 141
10 140 141 142
57 141 142
43 142
28
79
49 147
37 147 148
48 147 149
59
59 151
51
42 153
53 153 154
35
26 156
28 156 157
71
100 159
62 160
63 161
29
52 163
78 163 164
54
46 166
70 166 167
48
27
22 170
54
61 172
50
68 174
44 174 175
36 174 175 176
49
34 178
50
27 180
14 180 181
26 180 181 182
25 180 181
26
43 185
49
39 187
45 188
44 188
60
68
58
42 193
22
20 195
17
22 197
22 197 198
55 197
19
43 201
50 201 202
57
44 204
38 204 205
59 205 206
69 205 206 207
54 205 207
75
62 210
68 210 211
52 211 212
42 213
47 213 214
63
32 216
37 216 217
53 216 217 218
50
10 220
40
28 222
40 222 223
60
61 225
30 225 226
46 225 226 227
53
34 229
73 230
41
46 232
31 232 233
21 232 233 234
20
73
56 237
62
54 239
37 239 240
24
31 242
40
55 244
62 244 245
41 244 245 246
20
41 248
32 248 249
36 248 249
36 248 251
47 248
42
38 254
89 254 255
29 255 256
48
61 258
51
28 260
43 260
37 260 262
47 262 263
94
53 265
43
62 267
25 268
51 268 269
63 269
66
37 272
66 272 273
31 272 273 274
55
68
53 277
33 277 278
24 278 279
82 279
52 281
61 281 282
51
39 284
22 284
44 284 286
10
35 288
57
20
53 291
57 291 292
58
71 294
29 294 295
19
40
37 298
76 298
62 298
49
71 302
17 302 303
95 304
19 305
51 306
58 306 307
30 307 308
45 307 308
21 308 310
16
19 312
47 312 313
42
60 315
56 315
88 315 317
24
20
39 320
44 321
52 321
76
29 324
75 324 325
44 325 326
59
31 328
41 328 329
23 328 330
23
42 332
19 333
27 333 334
32
18 336
46 336 337
43
63 339
65 339 340
58
35 342
34
68 344
50 344 345
70
35 347
58 347 348
22 348 349
55
36
48 352
62
24 354
39 354 355
25
61 357
70
35
57 360
69 360 361
66 360 361 362
58
81 364
53 364 365
58
47 367
55
99 369
29
35 371
98 371 372
97
40 374
31 374 375
19
47 377
23 377 378
36 377 379
19 377 379 380
37 377 379 380 381
78 377 380 381 382
14
40 384
50 384 385
28 384 385 386
14 384 386 387
55 384 386 387 388
39
34 390
68 390 391
47 390 392
49 390 392
74
69 395
44
55 397
44 397 398
95
37 400
27 400 401
47 400 401
42 401
19
57
27 406
42 407
44 408
56
96 410
29 410 411
66 410 411 412
60
42 414
26 414 415
28 414 415
50 414 415
58
53 419
35
31
34 422
40 422 423
30 422 423 424
26 422 423 424
65 423 424 426
16
39 428
69 428 429
41 428 430
40
38 432
37
81 434
25
61 436
50
60 438
82 438 439
52
16 441
58 441 442
32 441 442 443
65 441 443
42
85 446
42 446 447
62 446 447
47
40 450
30 450 451
19 451 452
41
34 454
49 454 455
46 456
77
29
58 459
30 459 460
41 459 460 461
34
64 463
23 463 464
31 463 464 465
62 465 466
87 465 467
28 467 468
53
76 470
36 471
35 472
63
58 474
58
61 476
23 476 477
42 477 478
55 477 479
23 477 479
42 477 479
66
29
46 484
61 485
71 485 486
34
56
31 489
53 489 490
12 489 490
79
39 493
49
69 495
38
25 497
63 497 498
69
41 500
43 500 501
46 500 501 502
56 501
60 501 504
44
21 506
12 506
49 508
62 509
53 509 510
61
45
52 513
32 513 514
44
43 516
37 516 517
57
44 519
14 519 520
36 519 520 521
35
35 523
17 523 524
46
81 526
74 526 527
15 526 527 528
20
35 530
45 530 531
38
51
36
35
53 536
50 536 537
53 537 538
47 538 539
45 539 540
40
85 542
17
45 544
30 544 545
41 546
40 546 547
30
18
51 550
44
52 552
74
26 554
59 554 555
54 554 555
43 554 557
49
13 559
52 559 560
35 559 561
33 559 561 562
70
29 564
21
47 566
50
30 568
50 568 569
36 568 569 570
35 568 570
22 570
51
47
51 575
52 575 576
52 575 577
17 577 578
74
49 580
62 580 581
63 580 581 582
62
39 584
29 584 585
54 584 585
67
40 588
22 588 589
26 590
52 591
45 591 592
57
35 594
33
48 596
17 596 597
57
53 599
36
71 601
73
52 603
56 603 604
27
56 606
70 606 607
74
44 609
59 610
43 610 611
39 610 612
48
93 614
42 614 615
34
71 617
57 617 618
46
46 620
58 620
81 620 622
53
37
42 625
44 625 626
37 625 626 627
61 625 626
50 625 629
46
40 631
19 631 632
53 632 633
17
43
92 636
25 636
20 636 638
77 638 639
62
29 641
52 641 642
42 641 642
27 641 642 644
13
28 646
77 646 647
67 646 647 648
43
60 650
39 650 651
68
39 653
25 653
56 655
16 655
76 657
16
59 659
45
22
38 662
48 662 663
47 662 663 664
34 663 664
68 664
37
33 668
66 668 669
48 668 669 670
47 670
27
64 673
51 674
38
90 676
54
58 678
57 678 679
29 679 680
40 679
52
61 683
77 683 684
62 684 685
69
65 687
64 688
53
51 690
64
36 692
62
38 694
39 694 695
24 694 695 696
52
49
51 699
36 699
59 699
46
58 703
47 703 704
57 703 704 705
25
66 707
67
